DMSP 5D-2 F14 (USA 131) 
1 24753U 97012A   19230.93678352  .00000039  00000-0  43306-4 0  9990
2 24753  99.0315 238.6675 0008556 353.0338   7.0715 14.15860204155266
NOAA 15                 
1 25338U 98030A   19230.95532444  .00000006  00000-0  21105-4 0  9991
2 25338  98.7446 252.1046 0011495  67.9271 292.3128 14.25927122105720
DMSP 5D-3 F15 (USA 147) 
1 25991U 99067A   19230.92009941 -.00000116  00000-0 -35586-4 0  9997
2 25991  98.9232 195.7019 0008821 242.7161 182.3249 14.16519440 17456
METEOSAT-8 (MSG-1)      
1 27509U 02040B   19228.19065833  .00000125  00000-0  00000-0 0  9994
2 27509   6.1899  55.3552 0000340 161.7988 217.1584  1.00276184 62218
DMSP 5D-3 F16 (USA 172) 
1 28054U 03048A   19230.95436774 -.00000113  00000-0 -36610-4 0  9991
2 28054  98.8712 206.6960 0007906  12.0203  53.1699 14.13679666816901
NOAA 18                 
1 28654U 05018A   19230.91164664  .00000078  00000-0  66925-4 0  9998
2 28654  99.0909 278.7835 0014297  10.0815 350.0640 14.12445449734067
METEOSAT-9 (MSG-2)      
1 28912U 05049B   19230.90559708  .00000011  00000-0  00000-0 0  9990
2 28912   3.7862  71.0884 0001934  58.3875 166.8055  1.00275463 50027
HIMAWARI-7 (MTSAT-2)    
1 28937U 06004A   19230.89856736 -.00000251  00000-0  00000-0 0  9995
2 28937   0.0900 276.0726 0003635 235.0198 284.3731  1.00271300 49471
FORMOSAT-3 FM6          
1 29047U 06011A   19230.81447386 -.00000018  00000-0  91089-5 0  9998
2 29047  71.9801   9.7028 0051364 226.7978 132.8863 14.28691390697956
FORMOSAT-3 FM1          
1 29048U 06011B   19230.68546820  .00000059  00000-0  39535-4 0  9998
2 29048  71.9659 281.2366 0043808 185.5690 174.4965 14.28645605700427
FORMOSAT-3 FM5          
1 29049U 06011C   19230.91365677  .00000034  00000-0  29792-4 0  9991
2 29049  72.0197  90.6954 0035895 214.4516 145.4294 14.28731353696241
FORMOSAT-3 FM3          
1 29050U 06011D   19230.51435441  .00000107  00000-0  32895-4 0  9995
2 29050  72.0144 268.6431 0049064 159.4020 200.9126 14.58822010712102
FORMOSAT-3 FM4          
1 29051U 06011E   19230.78004584  .00000024  00000-0  24977-4 0  9995
2 29051  72.0072 353.5953 0066650  89.8219 271.0555 14.28758721698812
FORMOSAT-3 FM2          
1 29052U 06011F   19230.94106791  .00000019  00000-0  23616-4 0  9990
2 29052  72.0338  66.5682 0039978 174.4998 185.6586 14.28858204696343
GOES 13                 
1 29155U 06018A   19230.88274128 -.00000012  00000-0  00000-0 0  9996
2 29155   0.0636 295.2563 0007253 305.7798 292.2055  0.99973459 18365
METOP-A                 
1 29499U 06044A   19230.92963604 -.00000010  00000-0  15035-4 0  9991
2 29499  98.5699 282.3647 0001731  84.5795  22.2836 14.21481209665588
DMSP 5D-3 F17 (USA 191) 
1 29522U 06050A   19230.92406189 -.00000045  00000-0 -30329-6 0  9999
2 29522  98.8195 246.6226 0009410 326.7514  33.3067 14.13999415659819
FENGYUN 3A              
1 32958U 08026A   19230.92699323 -.00000035  00000-0  28010-5 0  9996
2 32958  98.3824 227.8176 0009501 132.8363 227.3609 14.18606036581791
FENGYUN 2E              
1 33463U 08066A   19230.92234639 -.00000212  00000-0  00000-0 0  9998
2 33463   3.7186  69.1629 0003613 257.7766  58.8913  1.00272725 39071
NOAA 19                 
1 33591U 09005A   19230.96769963  .00000035  00000-0  44554-4 0  9999
2 33591  99.1831 223.5832 0013485 202.8821 157.1750 14.12371765542298
GOES 14                 
1 35491U 09033A   19230.88413706 -.00000101  00000-0  00000-0 0  9992
2 35491   0.4147 277.8535 0011420 294.5345 328.3434  1.00276218 37102
METEOR-M 1              
1 35865U 09049A   19230.94690167 -.00000004  00000-0  16659-4 0  9992
2 35865  98.4146 226.3292 0002641  24.8248 335.3058 14.22204077514633
DMSP 5D-3 F18 (USA 210) 
1 35951U 09057A   19230.94949005  .00000039  00000-0  43476-4 0  9999
2 35951  98.6226 226.4455 0011631 149.3089 210.8767 14.13215224280817
GOES 15                 
1 36411U 10008A   19230.73583601  .00000048  00000-0  00000-0 0  9994
2 36411   0.3362  98.8991 0001813  34.9435 329.4072  1.00272043 34661
COMS 1                  
1 36744U 10032A   19230.83607257 -.00000353  00000-0  00000-0 0  9995
2 36744   0.0226 115.0750 0001051  53.9839 226.9826  1.00272188 26078
FENGYUN 3B              
1 37214U 10059A   19230.91728221 -.00000010  00000-0  18016-4 0  9991
2 37214  99.0053 203.6215 0017789  49.3368 310.9351 14.15921466454722
SUOMI NPP               
1 37849U 11061A   19230.96594978 -.00000003  00000-0  19422-4 0  9998
2 37849  98.7375 168.3380 0001559  76.3199 341.0463 14.19547360404577
FENGYUN 2F              
1 38049U 12002A   19230.92731883 -.00000365  00000-0  00000-0 0  9990
2 38049   1.3757  82.7931 0001075 168.4870 161.6880  1.00265154 27874
METEOSAT-10 (MSG-3)     
1 38552U 12035B   19230.95727138  .00000055  00000-0  00000-0 0  9991
2 38552   1.1392 341.7907 0001934 174.0242 165.2034  1.00272549 25872
METOP-B                 
1 38771U 12049A   19230.95568287 -.00000004  00000-0  18253-4 0  9995
2 38771  98.6985 289.4155 0002028 117.6631 213.1930 14.21494526358906
FENGYUN 3C              
1 39260U 13052A   19230.89232272 -.00000010  00000-0  16175-4 0  9997
2 39260  98.5983 287.6635 0011259  14.3310 345.8182 14.15870848305590
METEOR-M 2              
1 40069U 14037A   19230.85221957 -.00000028  00000-0  65720-5 0  9994
2 40069  98.5472 274.1766 0006624  83.5943 276.5978 14.20663824265103
HIMAWARI-8              
1 40267U 14060A   19230.90074331 -.00000284  00000-0  00000-0 0  9997
2 40267   0.0420 257.3081 0000831 298.9269 235.6500  1.00272653 17746
FENGYUN 2G              
1 40367U 14090A   19230.92478899 -.00000306  00000-0  00000-0 0  9995
2 40367   1.3738  99.6894 0000828 259.6471  39.8015  1.00263110 17021
METEOSAT-11 (MSG-4)     
1 40732U 15034A   19230.90498644 -.00000011  00000-0  00000-0 0  9991
2 40732   0.9207 254.3875 0002415 240.6504 157.6380  1.00274791 15033
ELEKTRO-L 2             
1 41105U 15074A   19230.92016549 -.00000105  00000-0  00000-0 0  9996
2 41105   0.4879 105.1869 0001413  22.3368 246.7544  1.00272121 13512
HIMAWARI-9              
1 41836U 16064A   19230.90074331 -.00000283  00000-0  00000-0 0  9995
2 41836   0.0306 341.1332 0001147 184.2625 266.5804  1.00270843 10176
GOES 16                 
1 41866U 16071A   19230.88998187 -.00000256  00000-0  00000-0 0  9997
2 41866   0.0181 103.0393 0000947 106.6731   2.4414  1.00267050 10108
FENGYUN 4A              
1 41882U 16077A   19230.92583582 -.00000339  00000-0  00000-0 0  9997
2 41882   0.0859  83.6991 0002273  54.8490 266.3228  1.00278997  9974
CYGFM05                 
1 41884U 16078A   19230.86086044  .00000178  00000-0  11203-4 0  9995
2 41884  34.9562 145.5062 0016538 216.7528 143.2050 15.14425771148053
CYGFM04                 
1 41885U 16078B   19230.14236967  .00000173  00000-0  10735-4 0  9992
2 41885  34.9494 144.8005 0014886 218.0436 141.9225 15.14932835147999
CYGFM02                 
1 41886U 16078C   19230.13540725  .00000176  00000-0  10910-4 0  9990
2 41886  34.9585 146.3679 0015607 214.8547 145.1143 15.14935398147985
CYGFM01                 
1 41887U 16078D   19230.19881242  .00000170  00000-0  10789-4 0  9997
2 41887  34.9528 150.2889 0016942 212.0948 147.8733 15.14242296147946
CYGFM08                 
1 41888U 16078E   19230.14181073  .00000176  00000-0  10972-4 0  9998
2 41888  34.9499 147.6961 0016143 216.3323 143.6293 15.14651548147952
CYGFM06                 
1 41889U 16078F   19230.11269726  .00000172  00000-0  10748-4 0  9995
2 41889  34.9579 145.1874 0014539 214.7510 145.2253 15.14925688147981
CYGFM07                 
1 41890U 16078G   19230.88188583  .00000177  00000-0  10957-4 0  9999
2 41890  34.9519 139.6417 0014393 223.8857 136.0711 15.14925065148102
CYGFM03                 
1 41891U 16078H   19230.94267053  .00000172  00000-0  10731-4 0  9992
2 41891  34.9551 139.4274 0013885 223.6065 136.3549 15.14925036148113
FENGYUN 3D              
1 43010U 17072A   19230.90079182 -.00000036  00000-0  34748-5 0  9997
2 43010  98.7158 169.2458 0000793 195.6116 164.5038 14.19724665 91126
NOAA 20                 
1 43013U 17073A   19230.84832999 -.00000010  00000-0  15786-4 0  9999
2 43013  98.7221 168.0834 0001523  91.8154 268.3196 14.19560564 90589
GOES 17                 
1 43226U 18022A   19230.66212164  .00000089  00000-0  00000-0 0  9990
2 43226   0.0171  74.5789 0000564  89.4363 263.8877  1.00274526  5391
FENGYUN 2H              
1 43491U 18050A   19230.41806719 -.00000137  00000-0  00000-0 0  9998
2 43491   1.3713 280.7979 0002925 238.7400  36.5783  1.00271976  4494
METOP-C                 
1 43689U 18087A   19230.79727141 -.00000044  00000-0  00000-0 0  9996
2 43689  98.7011 289.5794 0003068 132.9738 227.1697 14.21492354 40454
GEO-KOMPSAT-2A          
1 43823U 18100A   19230.83607370 -.00000352  00000-0  00000-0 0  9990
2 43823   0.0164 144.2535 0002128 339.6286 272.2573  1.00269326  2602
METEOR-M2 2             
1 44387U 19038A   19230.86645896 -.00000043  00000-0 -15890-6 0  9992
2 44387  98.5730 192.7671 0001355   0.6353 359.4827 14.23333494  6341
